<?xml version="1.0" encoding="UTF-8" standalone="no"?>
<svg
   viewBox="0 0 1024 1024"
   id="facebook"
   version="1.1"
   sodipodi:docname="facebook.svg"
   inkscape:version="1.4.2 (f4327f4, 2025-05-13)"
   xmlns:inkscape="http://www.inkscape.org/namespaces/inkscape"
   xmlns:sodipodi="http://sodipodi.sourceforge.net/DTD/sodipodi-0.dtd"
   xmlns="http://www.w3.org/2000/svg"
   xmlns:svg="http://www.w3.org/2000/svg">
  <defs
     id="defs2" />
  <sodipodi:namedview
     id="namedview2"
     pagecolor="#ffffff"
     bordercolor="#000000"
     borderopacity="0.25"
     inkscape:showpageshadow="2"
     inkscape:pageopacity="0.0"
     inkscape:pagecheckerboard="0"
     inkscape:deskcolor="#d1d1d1"
     showgrid="false"
     inkscape:zoom="1.2226562"
     inkscape:cx="512.00002"
     inkscape:cy="511.59108"
     inkscape:window-width="2560"
     inkscape:window-height="1511"
     inkscape:window-x="-9"
     inkscape:window-y="-9"
     inkscape:window-maximized="1"
     inkscape:current-layer="facebook" />
  <path
     style="display:inline;fill:#284b66;fill-opacity:1;stroke-width:0.817891"
     d="m 426.53035,1016.5097 c -0.89968,-0.1917 -7.34057,-1.4572 -14.3131,-2.8122 -47.20172,-9.1729 -97.90438,-27.22489 -140.04253,-49.8602 C 227.79302,939.99691 190.70377,912.84725 155.47951,878.41534 111.85927,835.77637 79.995297,792.06468 53.527865,738.55591 32.843319,696.7383 19.314424,657.17454 10.317411,612.19169 2.627977,573.74641 -0.31504505,536.47358 0.95334007,493.59744 3.9917374,390.88831 40.191493,288.26492 102.65171,205.29073 127.20158,172.6779 160.37771,138.36624 191.79553,113.09579 222.99889,87.997816 259.85479,65.043818 295.68277,48.394395 380.25951,9.091207 474.11063,-6.529363 566.38978,3.3379468 663.78076,13.75186 755.46748,51.580434 831.79553,112.84042 c 23.79401,19.09677 53.10029,47.71783 71.63321,69.9583 70.65633,84.79119 110.83856,183.98752 118.92116,293.57549 1.282,17.38141 1.0772,57.53024 -0.3849,75.4995 -3.6989,45.45869 -12.0265,85.39195 -26.64984,127.79402 -7.11467,20.62999 -14.04598,37.05989 -24.84304,58.88818 -26.4017,53.37587 -58.00003,96.76048 -101.56608,139.45048 -64.56244,63.26422 -144.59094,108.1717 -231.61787,129.97091 -14.69332,3.6805 -40.83044,9.0706 -43.98415,9.0706 -0.98544,0 -1.15067,-25.60194 -1.15067,-178.3003 V 660.44728 h 59.69049 59.69049 l 0.39913,-1.84025 c 0.21953,-1.01214 5.20192,-33.30863 11.07201,-71.76997 5.87008,-38.46134 10.89117,-71.12588 11.15795,-72.58786 l 0.48508,-2.65815 h -71.30859 -71.30858 l 0.35618,-54.59424 c 0.30341,-46.50717 0.55381,-55.49946 1.69038,-60.70508 6.96728,-31.91101 24.44906,-49.82201 56.0936,-57.47079 6.49479,-1.56985 10.02323,-1.71789 48.51222,-2.03534 l 41.50798,-0.34235 v -63.27194 c 0,-59.5534 -0.0841,-63.29668 -1.43131,-63.6928 -2.41557,-0.71026 -24.34652,-3.66164 -39.8722,-5.36583 -29.09456,-3.19359 -38.45182,-3.69949 -68.70288,-3.71439 -32.62083,-0.0161 -39.00624,0.52282 -59.29712,5.00428 -66.51741,14.69112 -112.37788,58.43545 -130.52487,124.50214 -3.47999,12.66937 -6.46904,29.77518 -7.63814,43.71173 -0.52902,6.30628 -0.87852,35.83492 -0.87852,74.22364 v 63.75097 h -65.02237 -65.02236 v 74.42812 74.42811 h 65.02236 65.02237 v 178.30032 178.3003 l -1.84026,-0.095 c -1.01214,-0.052 -2.57636,-0.2516 -3.47604,-0.4433 z"
     id="path3"
     inkscape:label="path1" />
</svg>
