<?xml version="1.0" encoding="UTF-8" standalone="no"?>
<svg
   width="2500"
   height="2500"
   viewBox="0 0 999.9 999.9"
   id="pinterest"
   version="1.1"
   sodipodi:docname="pinterest.svg"
   inkscape:version="1.4.2 (f4327f4, 2025-05-13)"
   xmlns:inkscape="http://www.inkscape.org/namespaces/inkscape"
   xmlns:sodipodi="http://sodipodi.sourceforge.net/DTD/sodipodi-0.dtd"
   xmlns="http://www.w3.org/2000/svg"
   xmlns:svg="http://www.w3.org/2000/svg">
  <defs
     id="defs1" />
  <sodipodi:namedview
     id="namedview1"
     pagecolor="#ffffff"
     bordercolor="#000000"
     borderopacity="0.25"
     inkscape:showpageshadow="2"
     inkscape:pageopacity="0.0"
     inkscape:pagecheckerboard="0"
     inkscape:deskcolor="#d1d1d1"
     inkscape:zoom="0.5004"
     inkscape:cx="1249.0008"
     inkscape:cy="1250"
     inkscape:window-width="2560"
     inkscape:window-height="1511"
     inkscape:window-x="-9"
     inkscape:window-y="-9"
     inkscape:window-maximized="1"
     inkscape:current-layer="pinterest" />
  <path
     style="display:inline;fill:#284b66;stroke-width:1.9984"
     d="m 1193.0456,2497.8092 c -98.9001,-6.7425 -177.734,-19.8739 -264.78821,-44.1066 -14.28857,-3.9774 -26.27785,-7.4766 -26.64286,-7.7761 -0.36501,-0.2994 6.73185,-12.9857 15.77078,-28.1915 21.92906,-36.8905 53.59495,-98.6427 63.85098,-124.5168 22.12901,-55.8279 56.65101,-171.8763 86.81001,-291.8193 19.1403,-76.1214 39.0145,-152.0473 40.4113,-154.3842 0.4952,-0.8285 6.0983,5.4665 12.4514,13.9889 27.7124,37.1754 80.9383,78.7839 123.3726,96.4446 43.7253,18.198 94.1582,31.1832 140.1342,36.081 28.6552,3.0526 89.7369,1.4805 120.3804,-3.0984 66.2002,-9.892 151.1133,-39.7273 203.3703,-71.4567 139.78,-84.8718 246.4376,-214.9715 310.8783,-379.2059 22.9228,-58.4219 35.8017,-106.0346 47.2983,-174.8601 9.801,-58.6742 12.294,-86.1995 13.4267,-148.2354 1.8521,-101.4533 -7.5596,-175.6843 -33.528,-264.43449 -37.3227,-127.55536 -97.6293,-231.88721 -183.6697,-317.75304 -77.2461,-77.08933 -186.8693,-144.7765 -268.4333,-165.7449 -185.1552,-47.59954 -365.8395,-49.5579 -541.9805,-5.8743 -92.34143,22.90098 -186.7532,59.70917 -261.45222,101.93197 -29.46295,16.65362 -78.22461,49.56607 -106.25364,71.71757 -30.96643,24.47294 -91.89283,84.78257 -114.44882,113.29025 -55.03106,69.55165 -100.52061,151.05603 -115.21313,206.42925 -14.95933,56.37879 -24.23437,105.06369 -30.53376,160.27219 -2.74054,24.0186 -3.47851,47.0738 -3.44134,107.5136 0.0515,83.8374 3.19284,123.0659 13.9251,173.8966 26.25805,124.3647 102.76165,224.3952 212.03271,277.2385 41.76101,20.1955 60.14503,12.0751 78.78437,-34.8 14.23789,-35.8061 27.83971,-93.5936 27.83971,-118.2774 0,-12.9861 -0.49334,-14.3445 -13.20903,-36.3693 -40.87842,-70.8057 -55.90863,-104.8251 -68.73491,-155.5747 -11.26981,-44.5911 -12.86713,-58.7461 -12.87648,-114.1073 -0.007,-43.8274 0.62024,-54.5951 4.48473,-76.9385 20.67404,-119.5312 67.35781,-222.34116 138.63701,-305.31528 32.77306,-38.15018 100.34339,-87.2175 165.8211,-120.41375 70.799,-35.89402 136.214,-55.83933 223.5275,-68.15445 36.3101,-5.12137 140.9076,-5.18915 174.8601,-0.11333 86.6133,12.94854 160.1524,40.73423 228.8169,86.45515 47.7043,31.76439 65.459,49.55158 95.6157,95.79109 44.1699,67.72592 71.5307,145.83961 84.0508,239.96067 17.1121,128.6423 6.0102,242.6301 -35.7215,366.7665 -36.1944,107.665 -78.7239,180.7498 -141.8013,243.6786 -48.5191,48.4046 -94.0428,75.8116 -149.4289,89.9616 -63.3914,16.1953 -120.979,7.2804 -173.3077,-26.8291 -47.5898,-31.0206 -81.1728,-82.1102 -87.6368,-133.3211 -4.7992,-38.0213 7.1242,-90.6247 59.7561,-263.6304 34.4803,-113.3401 48.6903,-170.7833 55.7474,-225.3566 2.8797,-22.2683 2.8853,-26.5762 0.062,-46.9625 -10.5443,-76.12451 -40.6416,-126.42233 -90.0291,-150.45478 -23.2201,-11.29908 -48.2905,-17.30352 -72.9417,-17.46973 -54.5737,-0.36794 -120.9293,29.53967 -159.94178,72.08849 -47.34188,51.63332 -81.58633,138.56632 -89.94978,228.34682 -2.09632,22.5036 -1.8992,28.4778 1.93246,58.5683 8.56514,67.2631 20.69208,120.868 33.96724,150.1457 l 6.01501,13.2658 -16.77452,69.3259 c -18.14994,75.0103 -41.62444,174.3557 -56.99087,241.1884 -5.30699,23.0815 -21.39426,87.8297 -35.7495,143.8849 -66.21305,258.5526 -76.19328,316.5268 -76.19328,442.6001 v 68.0136 l -34.25142,-17.1481 C 480.12168,2258.2948 301.41631,2094.6173 173.47021,1881.4948 25.118597,1634.3823 -28.664412,1347.3405 18.07748,1052.1583 62.261559,773.12908 189.4397,536.40022 400.47912,340.35751 633.4702,123.92305 904.25703,12.019772 1219.7974,1.7723511 c 102.523,-3.3295141 243.8198,12.7694119 353.2295,40.2458839 220.1885,55.296801 402.8555,160.473675 564.3694,324.955285 197.4364,201.06415 315.9005,443.47228 350.4732,717.15918 15.4872,122.6012 13.9001,235.3472 -5.0356,357.7138 -39.4704,255.0677 -152.8881,481.714 -334.2881,668.0184 -223.662,229.7094 -485.2368,356.3216 -793.6297,384.1471 -32.9564,2.9736 -137.8553,5.4342 -161.8705,3.7972 z"
     id="path2"
     transform="scale(0.39996)"
     inkscape:label="path1" />
</svg>
